2016 0.0308
2016 0.1742
2016 -0.1277
2016 0.1191
2016 0.1405
2016 -0.0601
2016 0.1492
2016 0.0482
2016 0.284
2016 0.1097
2016 0.1357
2016 0.1971
2016 0.1871
2016 0.0489
2016 0.1333
2016 0.0754
2016 0.1268
2016 0.1467
2016 0.1843
2016 0.211
2016 0.2876
2016 0.0116
2016 0.1337
2016 0.1732
2016 -0.0117
2016 0.2931
2016 0.059
2016 0.1518
2016 0.3369
2016 0.0331
2016 0.18
2016 0.056
2016 0.0525
2016 0.0882
2016 0.206
2016 0.0426
2016 0.2887
2001 0.1477
2001 -0.0116
2001 0.2284
2001 0.2284
1983 0.2284
2009 0.2988
2009 0.2988
2009 0.2538
2009 0.0375
2009 0.1684
2009 0.2044
2009 0.1916
2009 0.0218
2009 0.0048
2009 0.2302
2009 0.2514
2009 0.1945
2009 0.1713
2009 0.2369
2009 0.2439
2009 0.0397
2009 0.1876
2009 -0.0376
2009 0.0106
2009 0.1902
2009 0.1902
2009 0.0793
2009 0.1614
2009 0.1614
2009 0.0839
2009 0.1234
2009 0.1371
2009 0.4016
2009 0.2334
2009 0.1602
2009 0.2225
2009 0.2594
2009 0.2594
2009 0.1373
2009 0.0483
2009 0.2351
2009 0.0167
2009 0.0167
2009 0.2829
2009 0.1761
2009 0.1559
2009 0.3998
2009 0.1768
2009 -0.0436
2009 0.32
2009 0.2216
2009 0.1511
2009 0.1744
2009 0.1233
2009 0.2055
2009 0.1972
2009 0.2578
2009 0.371
2009 0.1958
2009 -0.0903
2009 0.1268
2009 0.1879
2009 -0.0134
2009 0.2787
2009 0.1331
2009 0.3342
2009 0.1731
2009 0.181
2009 0.0763
2009 0.1814
2009 -0.1542
2009 0.1238
2009 0.2383
2009 0.2117
2009 0.0287
2009 0.1419
2009 0.1661
2009 0.2332
2009 0.1162
2009 0.2997
2009 0.1401
2009 0.3579
2009 0.235
2009 0.2739
2009 0.001
2009 0.2235
2009 0.1642
2009 0.1708
2009 0.0623
2009 0.0911
2009 0.1644
2009 0.2151
2009 0.3282
2009 0.2632
2009 0.2174
2009 0.2174
2009 -0.0206
2009 0.2474
2009 0.0962
2009 0.251
2009 0.0965
2009 0.2832
2009 0.1048
2009 0.2214
2009 -0.0661
2009 0.2329
2009 0.1111
2011 0.1111
2011 0.1111
2011 0.2136
2011 0.0015
2011 0.1711
2011 0.032
2011 0.108
2011 0.2652
2011 0.2938
2011 0.2938
2011 0.2069
2011 0.3151
2011 0.1548
2011 0.1029
2011 0.1757
2011 0.2384
2011 0.3919
2011 0.3323
2011 0.3054
2011 0.1272
2011 0.0192
2011 0.3685
2011 0.3685
2011 0.2546
2011 0.1172
2011 0.2384
2011 0.1323
2011 0.2377
2011 0.0991
2011 0.0535
2011 0.3972
2011 0.2349
2011 0.2349
2011 0.0636
2011 0.0931
2011 0.2035
2011 0.1818
2011 0.2734
2011 0.1169
2011 0.1385
2011 0.264
2011 -0.3339
2011 0.2293
2011 0.2066
2011 0.0523
2011 0.1709
2011 0.236
2011 0.0429
2011 -0.1444
2011 0.0979
2011 0.2259
2011 0.2013
2011 0.2013
2011 0.1608
2011 0.2633
2011 0.3204
2011 0.1631
2011 0.2759
2011 0.2004
2011 0.1876
2011 0.1876
2011 0.2124
2011 0.2109
2011 0.1347
2011 0.3317
2011 0.3332
2011 0.1337
2011 0.1481
2011 0.2223
2011 0.1855
2011 0.1855
2011 -0.048
2011 0.1624
2011 0.1192
2011 0.1753
2011 0.1846
2011 0.1355
2011 0.1166
2011 0.1807
2011 -0.0144
2011 0.1512
2011 0.1512
2011 -0.0992
2011 0.1991
2011 0.1721
2011 0.2473
2011 0.0726
2011 0.0371
2011 0.3111
2011 0.2175
2011 0.0648
2011 0.3318
2011 0.3318
2011 0.1723
2011 0.247
2011 0.2773
2011 0.0703
2011 0.2314
2011 0.1753
2011 0.2884
2011 0.1122
2011 0.1995
2011 0.0676
2011 0.2829
2011 0.1938
2011 0.0694
2011 0.0694
2011 0.2192
2011 0.2576
2011 0.1332
2011 0.0045
2011 0.3662
2011 0.0656
2011 0.2864
2011 0.1524
2011 0.1524
2011 -0.4294
2011 0.3022
2011 0.3022
2017 0.394
2017 0.3174
2017 0.3532
2017 -0.0623
2017 0.6028
2017 0.5163
2017 0.0378
2017 0.385
2017 0.3739
2017 0.3929
2017 0.2029
2017 0.0738
2017 0.4412
2017 0.0437
2017 0.2495
2017 0.0979
2017 0.2994
2017 0.3721
2017 0.268
2017 0.3476
2017 0.1808
2017 0.5032
2017 0.5606
2017 0.4238
2017 0.8162
2017 0.3766
2017 0.063
2017 0.3077
2017 0.0329
2017 0.3357
2017 0.3289
2017 0.1591
2017 0.1903
2017 0.507
2017 0.2171
2017 0.4043
2017 0.5264
2017 0.4725
2017 0.3891
2017 0.4601
2017 0.191
2017 0.2904
2017 0.2132
2017 0.1401
2017 0.534
2017 0.2913
2017 0.2383
2017 0.3774
2017 0.2482
2017 0.3569
2017 0.0965
2017 -0.0824
2005 0.2089
2005 0.2089
2005 0.0705
2005 0.1009
2005 0.2424
2005 0.0766
2005 0.1995
2005 0.2457
2005 0.2056
2005 0.2091
2005 0.2208
2005 0.1896
2005 -0.1851
2005 0.057
2005 0.1471
2005 0.1601
2005 0.1601
2005 0.2532
2005 0.2123
2005 0.0919
2005 0.1139
2005 0.2583
2005 0.2583
2005 0.2583
2005 0.0051
2005 0.0515
2005 0.1687
2005 0.2917
2003 0.1999
2003 0.3538
2003 -0.0255
2003 0.2359
2003 0.1449
2003 0.2927
2003 0.207
2003 0.1311
2003 0.1535
2003 0.0758
2003 0.2405
2003 0.2167
2003 0.3079
2003 0.1177
2004 0.1398
2004 0.103
2004 0.1411
2004 0.0822
2004 0.1995
2004 0.1351
2004 0.0824
2004 0.0403
2004 0.1688
2004 0.2025
2004 0.2197
2004 0.3204
2004 0.0828
2004 0.0373
2004 0.2207
2004 0.0584
2004 0.1638
2004 0.2319
2004 0.486
2002 0.1473
2002 0.1473
2002 0.0865
2002 0.0761
2002 0.1699
2002 0.1373
2002 0.3525
2002 0.0973
2002 0.1565
2002 0.0741
2008 -0.2592
2008 0.1027
2008 0.1192
2008 0.2668
2008 0.1437
2008 0.0499
2008 0.0453
2008 0.2163
2008 0.2163
2008 0.2753
2008 0.3664
2008 0.1732
2008 0.0981
2008 0.0138
2008 0.0138
2008 -0.0947
2008 0.1587
2008 0.1276
2008 0.132
2008 0.1435
2008 0.0733
2008 0.2705
2008 0.1956
2008 0.214
2008 0.0685
2008 0.2947
2008 0.08
2008 0.0545
2008 0.2572
2008 0.2787
2008 0.3191
2008 0.3191
2008 -0.1576
2008 0.2804
2008 0.2804
2007 0.3545
2007 0.2872
2007 0.2465
2007 0.2858
2007 0.3487
2007 0.0953
2007 0.2617
2007 0.1372
2007 0.0122
2007 0.0871
2007 0.2065
2007 0.1878
2007 0.29
2007 0.1529
2007 0.2612
2007 0.0708
2007 0.2089
2007 0.2256
2007 0.1786
2007 0.1281
2007 -0.0313
2007 0.1713
2007 0.3267
2007 0.1646
2007 0.2397
2007 0.208
2007 -0.0491
2007 0.0
2007 0.2294
2007 0.2146
2007 -0.0255
2007 0.31
2007 0.31
2007 0.316
2007 0.1629
2007 0.0538
2007 0.3131
2007 0.1134
2007 0.2368
2007 0.3119
2007 -0.0339
2007 0.2072
2007 0.2354
2007 0.1518
2007 0.197
2007 0.1826
2013 0.1826
2013 0.075
2013 0.1035
2013 0.1035
2013 0.241
2013 0.2239
2013 0.1791
2013 0.1605
2013 0.1605
2013 0.3177
2013 0.1361
2013 0.0959
2013 0.0827
2013 0.0827
2013 0.1741
2013 0.0068
2013 -0.0963
2013 0.2615
2013 0.2288
2013 0.0074
2013 0.1672
2013 0.3244
2013 0.2421
2013 0.2216
2013 0.1906
2013 0.2205
2013 0.1734
2013 0.1025
2013 0.2223
2013 0.1017
2013 0.0586
2013 -0.2013
2013 0.0969
2013 -0.1787
2013 0.1402
2013 0.1621
2013 0.2751
2013 0.168
2013 0.2439
2013 0.238
2013 0.2556
2013 0.3472
2013 0.3472
2013 0.3472
2013 0.342
2013 0.1091
2013 0.2349
2013 0.1638
2013 0.0511
2013 0.116
2013 0.116
2013 0.1684
2013 -0.1578
2013 0.1083
2013 0.2331
2013 0.0262
2013 0.2039
2013 0.2039
2013 0.2039
2013 0.2039
2013 0.0637
2013 0.141
2013 0.1159
2013 0.3272
2013 -0.0161
2013 0.062
2013 0.179
2013 0.0539
2013 0.0358
2013 0.0605
2013 0.2467
2013 0.0861
2013 0.1261
2013 0.348
2013 0.0848
2013 0.279
2013 0.1863
2013 0.1149
2013 0.1149
2013 0.2442
2013 0.3494
2013 -0.0172
2013 0.1581
2013 0.2842
2013 0.2851
2013 0.3822
2013 0.0886
2013 -0.0697
2013 0.0441
2013 0.0035
2013 0.2174
2013 0.2592
2013 0.0383
2013 0.0383
2013 -0.3273
2013 0.0358
2013 0.2833
2013 0.2391
2013 0.1025
2013 0.1583
2013 0.2776
2013 -0.059
2013 0.1539
2013 0.1539
2013 0.2506
2013 0.1601
2013 0.1185
2013 0.1246
2013 -0.028
2013 0.2816
2013 0.1757
2013 -0.1446
2013 0.0934
2013 0.2076
2013 0.1981
2013 0.2133
2013 0.0306
2013 0.2005
2013 0.1695
2013 0.255
2013 0.2403
2013 0.2403
2013 0.1163
2006 0.1236
2006 0.0646
2006 0.09
2006 0.111
2006 0.0571
2006 0.1145
2006 0.0926
2006 0.3718
2006 0.0774
2006 0.278
2006 0.1728
2006 0.2497
2006 0.2497
2006 0.0689
2006 0.0607
2006 0.1183
2010 0.2596
2010 0.2596
2010 0.2596
2010 -0.1168
2010 0.2326
2010 0.2234
2010 0.131
2010 0.2348
2010 0.2507
2010 0.3542
2010 0.179
2010 0.3665
2010 0.2566
2010 0.1204
2010 0.3012
2010 0.2223
2010 0.1904
2010 0.3238
2010 0.1305
2010 0.0519
2010 0.4035
2010 0.1109
2010 0.1204
2010 0.2721
2010 0.0609
2010 0.0096
2010 0.4067
2010 0.1895
2010 0.1827
2010 0.3862
2010 0.0485
2010 0.0831
2010 0.3216
2010 0.2099
2010 0.3473
2010 0.1083
2010 0.1685
2010 0.1162
2010 0.2386
2010 0.2151
2010 0.2741
2010 0.2109
2010 0.2618
2010 0.3063
2010 0.1682
2010 0.0461
2010 0.0461
2010 0.2475
2010 0.1471
2010 0.3574
2010 0.2218
2010 0.2722
2010 0.0778
2010 0.0553
2010 0.0056
2010 0.2376
2010 0.2972
2010 0.1052
2010 0.326
2010 0.2033
2010 0.0866
2010 0.2076
2010 0.1939
2010 0.2614
2010 0.2897
2010 0.2314
2010 0.134
2010 -0.0711
2010 0.2784
2010 0.0942
2010 0.3468
2010 0.0572
2010 0.1405
2010 0.0956
2010 0.0527
2010 0.1853
2010 0.1904
2010 0.1171
2010 0.347
2010 0.175
2010 0.3702
2010 0.1459
2010 0.1459
2010 0.0308
2010 0.1619
2010 0.015
2010 0.1822
2010 0.0271
2010 0.2764
2010 0.1877
2010 0.1191
2010 0.4108
2010 0.1472
2010 0.142
2010 0.1478
2010 0.2414
2010 0.1524
2010 0.1044
2010 0.2383
2010 0.1544
2010 0.1252
2010 -0.1193
2010 0.1724
2010 0.0797
2010 0.1309
2010 0.1295
2010 0.4278
2010 -0.1169
1972 -0.1169
2015 0.1442
2015 0.2886
2015 -0.0255
2015 0.1762
2015 0.1894
2015 0.222
2015 0.1095
2015 -0.0484
2015 0.2424
2015 0.0285
2015 0.0628
2015 0.2277
2015 0.1246
2015 0.2988
2015 0.0475
2015 0.2073
2015 0.1739
2015 0.1418
2015 0.0761
2015 0.1235
2015 0.1474
2015 0.1324
2015 0.2247
2015 0.1809
2015 0.1906
2015 0.1288
2015 0.1304
2015 0.2048
2015 0.2733
2015 0.0456
2015 0.0229
2015 0.1016
2015 0.1319
2015 0.0784
2015 0.1871
2015 0.4067
2015 0.228
2015 0.0226
2015 -0.0129
2015 0.4692
2015 0.2071
2015 0.1599
2015 0.1651
2015 0.1971
2015 0.3589
2015 0.1807
2015 0.3092
2015 0.1372
2015 0.2436
2015 0.1857
2015 -0.0195
2015 -0.0005
2015 0.1993
1998 -0.0226
1998 0.2316
1998 0.0513
1991 0.0513
2012 0.2002
2012 0.112
2012 0.1828
2012 0.1922
2012 0.2352
2012 0.0177
2012 0.2196
2012 0.1624
2012 -0.0057
2012 -0.0057
2012 0.1927
2012 -0.4326
2012 0.0842
2012 0.2674
2012 0.1694
2012 0.313
2012 -0.0247
2012 0.1532
2012 0.0647
2012 -0.0676
2012 0.3766
2012 0.0553
2012 0.1322
2012 0.0461
2012 0.1275
2012 0.196
2012 0.1924
2012 -0.0045
2012 0.193
2012 0.1003
2012 0.0827
2012 0.1201
2012 0.288
2012 0.0013
2012 0.0166
2012 0.0569
2012 0.3515
2012 0.2537
2012 -0.0276
2012 0.1852
2012 0.1302
2012 0.1642
2012 0.0713
2012 0.1862
2012 0.1862
2012 0.145
2012 0.387
2012 0.1028
2012 0.1566
2012 0.3903
2012 0.104
2012 0.1841
2012 0.1841
2012 0.1841
2012 0.1768
2012 0.2264
2012 0.0829
2012 0.0095
2012 0.1504
2012 -0.0468
2012 0.0939
2012 0.3793
2012 0.2179
2012 0.104
2012 0.0894
2012 0.2306
2012 0.194
2012 -0.0105
2012 0.0189
2012 0.1935
2012 0.1542
2012 0.3216
2012 0.1545
2012 0.3685
2012 0.0
2012 0.1349
2012 0.253
2012 0.2323
2012 0.1474
2012 0.1486
2012 0.1661
2012 0.1055
2012 0.0189
2012 0.0189
2012 0.3998
2012 0.2486
2012 0.1756
2012 0.0849
2012 0.2212
2012 0.2157
2012 0.1726
2014 -0.0328
2014 0.2069
2014 0.0232
2014 0.1591
2014 0.035
2014 0.2332
2014 0.189
2014 0.3387
2014 0.4245
2014 0.22
2014 0.1945
2014 0.2754
2014 0.2703
2014 0.1608
2014 0.2625
2014 0.1084
2014 0.2834
2014 0.3221
2014 0.2596
2014 0.2545
2014 0.2545
2014 0.1269
2014 0.1551
2014 0.1332
2014 0.1875
2014 0.1372
2014 0.1678
2014 0.1927
2014 0.1197
2014 0.2172
2014 0.3109
2014 0.2627
2014 0.0803
2014 0.2957
2014 -0.0187
2014 0.3497
2014 0.2569
2014 0.1308
2014 0.0084
2014 0.233
2014 0.1965
2014 0.1023
2014 0.3301
2014 0.3323
2014 0.2035
2014 0.164
2014 0.1938
2014 0.1881
2014 0.1231
2014 0.3119
2014 0.0644
2014 0.3521
2014 0.0842
2014 0.0616
2014 0.2642
2014 0.0399
2014 0.2701
2014 0.2127
2014 0.2443
2014 0.2566
2014 0.1817
2014 0.0943
2014 0.0327
2014 0.4176
2014 0.0425
2014 0.2352
2014 0.1263
2014 0.3177
2014 0.0711
2014 -0.126
2014 0.0574
2014 0.2578
2014 0.1659
2014 0.1565
2014 0.2507
2014 0.3042
2014 0.2004
2014 0.1579
2014 0.2384
2014 0.1054
2014 0.237
2014 0.2899
2014 0.0245
2014 0.1671
2014 0.0214
2014 0.0867
2014 0.2105
2014 0.4048
2014 0.1053
2014 0.3125
2014 0.1874
2014 0.3618
2014 -0.1518
2014 0.2067
2018 -0.1488
2018 0.2632
